fips,name,votes,absentee_votes,reporting,precincts,absentee_method,eevp,tot_exp_vote,eevp_value,eevp_display,eevp_source,turnout_stage,absentee_count_progress,absentee_max_ballots,results_johnsond,results_luallinr,results_absentee_johnsond,results_absentee_luallinr,last_updated,leader_margin_value,leader_margin_display,leader_margin_name_display,leader_party_id,race_id_race,race_slug_race,url_race,state_page_url_race,ap_polls_page_race,race_type_race,election_type_race,election_date_race,runoff_race,race_name_race,office_race,officeid_race,race_rating_race,seat_race,seat_name_race,state_id_race,state_slug_race,state_name_race,state_nyt_abbrev_race,state_shape_race,party_id_race,uncontested_race,report_race,result_race,result_source_race,gain_race,lost_seat_race,votes_race,absentee_votes_race,absentee_count_progress_race,poll_display_race,poll_countdown_display_race,poll_waiting_display_race,poll_time_race,poll_time_short_race,precincts_reporting_race,precincts_total_race,reporting_display_race,reporting_value_race,eevp_race,tot_exp_vote_race,eevp_source_race,eevp_value_race,eevp_display_race,county_data_source_race,incumbent_party_race,no_forecast_race,last_updated_race,has_incumbent_race,leader_margin_value_race,leader_margin_votes_race,leader_margin_display_race,leader_margin_name_display_race,leader_party_id_race,expectations_text_race,expectations_text_short_race,absentee_ballot_deadline_race,absentee_postmark_deadline_race,winner_called_timestamp_race
46003,Aurora,1368,0,5,5,Merged into voters' home precincts and released with cumulative results,100,1368,>98%,>98% reported,edison,10,unknown,349,1224,144,0,0,2020-11-16T15:48:10Z,78.94737,R+79,Johnson +79,republican,SD-G-H-1-2020-11-03,sd-house-general-district-001-2020-11-03,https://www.nytimes.com/interactive/2020/11/03/us/elections/results-south-dakota-house-district-at-large.html,https://www.nytimes.com/interactive/2020/11/03/us/elections/results-south-dakota.html,https://www.nytimes.com/interactive/2020/11/03/us/elections/ap-polls-south-dakota.html,house,general,2020-11-03,FALSE,U.S. House At-Large,U.S. House,H,solid-rep,1,At-Large,SD,south-dakota,South Dakota,S.D.,horizontal,"",FALSE,TRUE,winner,AP,FALSE,"",397732,0,unknown,Polls close at 9 p.m. Eastern time.,Polls close in,Polls have closed.,2020-11-04T02:00:00.000Z,9 p.m.,693,693,100% reporting,100%,100,397732,edison,>98%,>98% reported,edison,republican,FALSE,2020-11-23T15:15:27Z,TRUE,61.91003,246236,R+62,Johnson +62,republican,"","",0,0,1604456855206
46005,Beadle,6793,0,10,10,Merged into voters' home precincts and released with cumulative results,100,6793,>98%,>98% reported,edison,10,some,3675,5857,936,0,0,2020-11-16T15:48:11Z,72.44222,R+72,Johnson +72,republican,SD-G-H-1-2020-11-03,sd-house-general-district-001-2020-11-03,https://www.nytimes.com/interactive/2020/11/03/us/elections/results-south-dakota-house-district-at-large.html,https://www.nytimes.com/interactive/2020/11/03/us/elections/results-south-dakota.html,https://www.nytimes.com/interactive/2020/11/03/us/elections/ap-polls-south-dakota.html,house,general,2020-11-03,FALSE,U.S. House At-Large,U.S. House,H,solid-rep,1,At-Large,SD,south-dakota,South Dakota,S.D.,horizontal,"",FALSE,TRUE,winner,AP,FALSE,"",397732,0,unknown,Polls close at 9 p.m. Eastern time.,Polls close in,Polls have closed.,2020-11-04T02:00:00.000Z,9 p.m.,693,693,100% reporting,100%,100,397732,edison,>98%,>98% reported,edison,republican,FALSE,2020-11-23T15:15:27Z,TRUE,61.91003,246236,R+62,Johnson +62,republican,"","",0,0,1604456855206
46007,Bennett,1095,0,4,4,Merged into voters' home precincts and released with cumulative results,100,1095,>98%,>98% reported,edison,10,unknown,352,807,288,0,0,2020-11-16T15:48:11Z,47.39726,R+47,Johnson +47,republican,SD-G-H-1-2020-11-03,sd-house-general-district-001-2020-11-03,https://www.nytimes.com/interactive/2020/11/03/us/elections/results-south-dakota-house-district-at-large.html,https://www.nytimes.com/interactive/2020/11/03/us/elections/results-south-dakota.html,https://www.nytimes.com/interactive/2020/11/03/us/elections/ap-polls-south-dakota.html,house,general,2020-11-03,FALSE,U.S. House At-Large,U.S. House,H,solid-rep,1,At-Large,SD,south-dakota,South Dakota,S.D.,horizontal,"",FALSE,TRUE,winner,AP,FALSE,"",397732,0,unknown,Polls close at 9 p.m. Eastern time.,Polls close in,Polls have closed.,2020-11-04T02:00:00.000Z,9 p.m.,693,693,100% reporting,100%,100,397732,edison,>98%,>98% reported,edison,republican,FALSE,2020-11-23T15:15:27Z,TRUE,61.91003,246236,R+62,Johnson +62,republican,"","",0,0,1604456855206
46009,Bon Homme,2908,0,5,5,Merged into voters' home precincts and released with cumulative results,100,2908,>98%,>98% reported,edison,10,unknown,656,2519,389,0,0,2020-11-16T15:48:11Z,73.24622,R+73,Johnson +73,republican,SD-G-H-1-2020-11-03,sd-house-general-district-001-2020-11-03,https://www.nytimes.com/interactive/2020/11/03/us/elections/results-south-dakota-house-district-at-large.html,https://www.nytimes.com/interactive/2020/11/03/us/elections/results-south-dakota.html,https://www.nytimes.com/interactive/2020/11/03/us/elections/ap-polls-south-dakota.html,house,general,2020-11-03,FALSE,U.S. House At-Large,U.S. House,H,solid-rep,1,At-Large,SD,south-dakota,South Dakota,S.D.,horizontal,"",FALSE,TRUE,winner,AP,FALSE,"",397732,0,unknown,Polls close at 9 p.m. Eastern time.,Polls close in,Polls have closed.,2020-11-04T02:00:00.000Z,9 p.m.,693,693,100% reporting,100%,100,397732,edison,>98%,>98% reported,edison,republican,FALSE,2020-11-23T15:15:27Z,TRUE,61.91003,246236,R+62,Johnson +62,republican,"","",0,0,1604456855206
46011,Brookings,13532,0,9,9,Released as a separate subtotal as first report of the night,100,13532,>98%,>98% reported,edison,10,all,11464,10741,2791,0,0,2020-11-16T15:48:12Z,58.74963,R+59,Johnson +59,republican,SD-G-H-1-2020-11-03,sd-house-general-district-001-2020-11-03,https://www.nytimes.com/interactive/2020/11/03/us/elections/results-south-dakota-house-district-at-large.html,https://www.nytimes.com/interactive/2020/11/03/us/elections/results-south-dakota.html,https://www.nytimes.com/interactive/2020/11/03/us/elections/ap-polls-south-dakota.html,house,general,2020-11-03,FALSE,U.S. House At-Large,U.S. House,H,solid-rep,1,At-Large,SD,south-dakota,South Dakota,S.D.,horizontal,"",FALSE,TRUE,winner,AP,FALSE,"",397732,0,unknown,Polls close at 9 p.m. Eastern time.,Polls close in,Polls have closed.,2020-11-04T02:00:00.000Z,9 p.m.,693,693,100% reporting,100%,100,397732,edison,>98%,>98% reported,edison,republican,FALSE,2020-11-23T15:15:27Z,TRUE,61.91003,246236,R+62,Johnson +62,republican,"","",0,0,1604456855206
46013,Brown,16547,0,12,12,Other,100,16547,>98%,>98% reported,edison,10,all,7536,13706,2841,0,0,2020-11-16T15:48:12Z,65.66145,R+66,Johnson +66,republican,SD-G-H-1-2020-11-03,sd-house-general-district-001-2020-11-03,https://www.nytimes.com/interactive/2020/11/03/us/elections/results-south-dakota-house-district-at-large.html,https://www.nytimes.com/interactive/2020/11/03/us/elections/results-south-dakota.html,https://www.nytimes.com/interactive/2020/11/03/us/elections/ap-polls-south-dakota.html,house,general,2020-11-03,FALSE,U.S. House At-Large,U.S. House,H,solid-rep,1,At-Large,SD,south-dakota,South Dakota,S.D.,horizontal,"",FALSE,TRUE,winner,AP,FALSE,"",397732,0,unknown,Polls close at 9 p.m. Eastern time.,Polls close in,Polls have closed.,2020-11-04T02:00:00.000Z,9 p.m.,693,693,100% reporting,100%,100,397732,edison,>98%,>98% reported,edison,republican,FALSE,2020-11-23T15:15:27Z,TRUE,61.91003,246236,R+62,Johnson +62,republican,"","",0,0,1604456855206
46015,Brule,2411,0,5,5,Merged into voters' home precincts and released with cumulative results,100,2411,>98%,>98% reported,edison,10,unknown,987,2073,338,0,0,2020-11-16T15:48:13Z,71.96184,R+72,Johnson +72,republican,SD-G-H-1-2020-11-03,sd-house-general-district-001-2020-11-03,https://www.nytimes.com/interactive/2020/11/03/us/elections/results-south-dakota-house-district-at-large.html,https://www.nytimes.com/interactive/2020/11/03/us/elections/results-south-dakota.html,https://www.nytimes.com/interactive/2020/11/03/us/elections/ap-polls-south-dakota.html,house,general,2020-11-03,FALSE,U.S. House At-Large,U.S. House,H,solid-rep,1,At-Large,SD,south-dakota,South Dakota,S.D.,horizontal,"",FALSE,TRUE,winner,AP,FALSE,"",397732,0,unknown,Polls close at 9 p.m. Eastern time.,Polls close in,Polls have closed.,2020-11-04T02:00:00.000Z,9 p.m.,693,693,100% reporting,100%,100,397732,edison,>98%,>98% reported,edison,republican,FALSE,2020-11-23T15:15:27Z,TRUE,61.91003,246236,R+62,Johnson +62,republican,"","",0,0,1604456855206
46017,Buffalo,502,0,3,3,Merged into voters' home precincts and released with cumulative results,100,502,>98%,>98% reported,edison,10,unknown,347,306,196,0,0,2020-11-16T15:48:13Z,21.91235,R+22,Johnson +22,republican,SD-G-H-1-2020-11-03,sd-house-general-district-001-2020-11-03,https://www.nytimes.com/interactive/2020/11/03/us/elections/results-south-dakota-house-district-at-large.html,https://www.nytimes.com/interactive/2020/11/03/us/elections/results-south-dakota.html,https://www.nytimes.com/interactive/2020/11/03/us/elections/ap-polls-south-dakota.html,house,general,2020-11-03,FALSE,U.S. House At-Large,U.S. House,H,solid-rep,1,At-Large,SD,south-dakota,South Dakota,S.D.,horizontal,"",FALSE,TRUE,winner,AP,FALSE,"",397732,0,unknown,Polls close at 9 p.m. Eastern time.,Polls close in,Polls have closed.,2020-11-04T02:00:00.000Z,9 p.m.,693,693,100% reporting,100%,100,397732,edison,>98%,>98% reported,edison,republican,FALSE,2020-11-23T15:15:27Z,TRUE,61.91003,246236,R+62,Johnson +62,republican,"","",0,0,1604456855206
46019,Butte,4649,0,16,16,Merged into voters' home precincts and released with cumulative results,100,4649,>98%,>98% reported,edison,10,unknown,2926,3977,672,0,0,2020-11-16T15:48:13Z,71.09056,R+71,Johnson +71,republican,SD-G-H-1-2020-11-03,sd-house-general-district-001-2020-11-03,https://www.nytimes.com/interactive/2020/11/03/us/elections/results-south-dakota-house-district-at-large.html,https://www.nytimes.com/interactive/2020/11/03/us/elections/results-south-dakota.html,https://www.nytimes.com/interactive/2020/11/03/us/elections/ap-polls-south-dakota.html,house,general,2020-11-03,FALSE,U.S. House At-Large,U.S. House,H,solid-rep,1,At-Large,SD,south-dakota,South Dakota,S.D.,horizontal,"",FALSE,TRUE,winner,AP,FALSE,"",397732,0,unknown,Polls close at 9 p.m. Eastern time.,Polls close in,Polls have closed.,2020-11-04T02:00:00.000Z,9 p.m.,693,693,100% reporting,100%,100,397732,edison,>98%,>98% reported,edison,republican,FALSE,2020-11-23T15:15:27Z,TRUE,61.91003,246236,R+62,Johnson +62,republican,"","",0,0,1604456855206
46021,Campbell,854,0,5,5,Merged into voters' home precincts and released with cumulative results,100,854,>98%,>98% reported,edison,10,unknown,146,790,64,0,0,2020-11-16T15:48:14Z,85.01171,R+85,Johnson +85,republican,SD-G-H-1-2020-11-03,sd-house-general-district-001-2020-11-03,https://www.nytimes.com/interactive/2020/11/03/us/elections/results-south-dakota-house-district-at-large.html,https://www.nytimes.com/interactive/2020/11/03/us/elections/results-south-dakota.html,https://www.nytimes.com/interactive/2020/11/03/us/elections/ap-polls-south-dakota.html,house,general,2020-11-03,FALSE,U.S. House At-Large,U.S. House,H,solid-rep,1,At-Large,SD,south-dakota,South Dakota,S.D.,horizontal,"",FALSE,TRUE,winner,AP,FALSE,"",397732,0,unknown,Polls close at 9 p.m. Eastern time.,Polls close in,Polls have closed.,2020-11-04T02:00:00.000Z,9 p.m.,693,693,100% reporting,100%,100,397732,edison,>98%,>98% reported,edison,republican,FALSE,2020-11-23T15:15:27Z,TRUE,61.91003,246236,R+62,Johnson +62,republican,"","",0,0,1604456855206
46023,Charles Mix,3624,0,13,13,Merged into voters' home precincts and released with cumulative results,100,3624,>98%,>98% reported,edison,10,unknown,1029,2921,703,0,0,2020-11-16T15:48:14Z,61.20309,R+61,Johnson +61,republican,SD-G-H-1-2020-11-03,sd-house-general-district-001-2020-11-03,https://www.nytimes.com/interactive/2020/11/03/us/elections/results-south-dakota-house-district-at-large.html,https://www.nytimes.com/interactive/2020/11/03/us/elections/results-south-dakota.html,https://www.nytimes.com/interactive/2020/11/03/us/elections/ap-polls-south-dakota.html,house,general,2020-11-03,FALSE,U.S. House At-Large,U.S. House,H,solid-rep,1,At-Large,SD,south-dakota,South Dakota,S.D.,horizontal,"",FALSE,TRUE,winner,AP,FALSE,"",397732,0,unknown,Polls close at 9 p.m. Eastern time.,Polls close in,Polls have closed.,2020-11-04T02:00:00.000Z,9 p.m.,693,693,100% reporting,100%,100,397732,edison,>98%,>98% reported,edison,republican,FALSE,2020-11-23T15:15:27Z,TRUE,61.91003,246236,R+62,Johnson +62,republican,"","",0,0,1604456855206
46025,Clark,1793,0,12,12,Merged into voters' home precincts and released with cumulative results,100,1793,>98%,>98% reported,edison,10,unknown,539,1571,222,0,0,2020-11-16T15:48:14Z,75.23703,R+75,Johnson +75,republican,SD-G-H-1-2020-11-03,sd-house-general-district-001-2020-11-03,https://www.nytimes.com/interactive/2020/11/03/us/elections/results-south-dakota-house-district-at-large.html,https://www.nytimes.com/interactive/2020/11/03/us/elections/results-south-dakota.html,https://www.nytimes.com/interactive/2020/11/03/us/elections/ap-polls-south-dakota.html,house,general,2020-11-03,FALSE,U.S. House At-Large,U.S. House,H,solid-rep,1,At-Large,SD,south-dakota,South Dakota,S.D.,horizontal,"",FALSE,TRUE,winner,AP,FALSE,"",397732,0,unknown,Polls close at 9 p.m. Eastern time.,Polls close in,Polls have closed.,2020-11-04T02:00:00.000Z,9 p.m.,693,693,100% reporting,100%,100,397732,edison,>98%,>98% reported,edison,republican,FALSE,2020-11-23T15:15:27Z,TRUE,61.91003,246236,R+62,Johnson +62,republican,"","",0,0,1604456855206
46027,Clay,5128,0,7,7,Merged into voters' home precincts and released with cumulative results,100,5128,>98%,>98% reported,edison,10,unknown,2845,3750,1378,0,0,2020-11-16T15:48:15Z,46.25585,R+46,Johnson +46,republican,SD-G-H-1-2020-11-03,sd-house-general-district-001-2020-11-03,https://www.nytimes.com/interactive/2020/11/03/us/elections/results-south-dakota-house-district-at-large.html,https://www.nytimes.com/interactive/2020/11/03/us/elections/results-south-dakota.html,https://www.nytimes.com/interactive/2020/11/03/us/elections/ap-polls-south-dakota.html,house,general,2020-11-03,FALSE,U.S. House At-Large,U.S. House,H,solid-rep,1,At-Large,SD,south-dakota,South Dakota,S.D.,horizontal,"",FALSE,TRUE,winner,AP,FALSE,"",397732,0,unknown,Polls close at 9 p.m. Eastern time.,Polls close in,Polls have closed.,2020-11-04T02:00:00.000Z,9 p.m.,693,693,100% reporting,100%,100,397732,edison,>98%,>98% reported,edison,republican,FALSE,2020-11-23T15:15:27Z,TRUE,61.91003,246236,R+62,Johnson +62,republican,"","",0,0,1604456855206
46029,Codington,12566,0,24,24,Merged into voters' home precincts and released with cumulative results,100,12566,>98%,>98% reported,edison,10,unknown,7499,10685,1881,0,0,2020-11-16T15:48:15Z,70.06207,R+70,Johnson +70,republican,SD-G-H-1-2020-11-03,sd-house-general-district-001-2020-11-03,https://www.nytimes.com/interactive/2020/11/03/us/elections/results-south-dakota-house-district-at-large.html,https://www.nytimes.com/interactive/2020/11/03/us/elections/results-south-dakota.html,https://www.nytimes.com/interactive/2020/11/03/us/elections/ap-polls-south-dakota.html,house,general,2020-11-03,FALSE,U.S. House At-Large,U.S. House,H,solid-rep,1,At-Large,SD,south-dakota,South Dakota,S.D.,horizontal,"",FALSE,TRUE,winner,AP,FALSE,"",397732,0,unknown,Polls close at 9 p.m. Eastern time.,Polls close in,Polls have closed.,2020-11-04T02:00:00.000Z,9 p.m.,693,693,100% reporting,100%,100,397732,edison,>98%,>98% reported,edison,republican,FALSE,2020-11-23T15:15:27Z,TRUE,61.91003,246236,R+62,Johnson +62,republican,"","",0,0,1604456855206
46031,Corson,1120,0,14,14,Merged into voters' home precincts and released with cumulative results,100,1120,>98%,>98% reported,edison,10,unknown,179,755,365,0,0,2020-11-16T15:48:15Z,34.82143,R+35,Johnson +35,republican,SD-G-H-1-2020-11-03,sd-house-general-district-001-2020-11-03,https://www.nytimes.com/interactive/2020/11/03/us/elections/results-south-dakota-house-district-at-large.html,https://www.nytimes.com/interactive/2020/11/03/us/elections/results-south-dakota.html,https://www.nytimes.com/interactive/2020/11/03/us/elections/ap-polls-south-dakota.html,house,general,2020-11-03,FALSE,U.S. House At-Large,U.S. House,H,solid-rep,1,At-Large,SD,south-dakota,South Dakota,S.D.,horizontal,"",FALSE,TRUE,winner,AP,FALSE,"",397732,0,unknown,Polls close at 9 p.m. Eastern time.,Polls close in,Polls have closed.,2020-11-04T02:00:00.000Z,9 p.m.,693,693,100% reporting,100%,100,397732,edison,>98%,>98% reported,edison,republican,FALSE,2020-11-23T15:15:27Z,TRUE,61.91003,246236,R+62,Johnson +62,republican,"","",0,0,1604456855206
46033,Custer,5238,0,10,10,Merged into voters' home precincts and released with cumulative results,100,5238,>98%,>98% reported,edison,10,unknown,2883,4336,902,0,0,2020-11-16T15:48:16Z,65.55937,R+66,Johnson +66,republican,SD-G-H-1-2020-11-03,sd-house-general-district-001-2020-11-03,https://www.nytimes.com/interactive/2020/11/03/us/elections/results-south-dakota-house-district-at-large.html,https://www.nytimes.com/interactive/2020/11/03/us/elections/results-south-dakota.html,https://www.nytimes.com/interactive/2020/11/03/us/elections/ap-polls-south-dakota.html,house,general,2020-11-03,FALSE,U.S. House At-Large,U.S. House,H,solid-rep,1,At-Large,SD,south-dakota,South Dakota,S.D.,horizontal,"",FALSE,TRUE,winner,AP,FALSE,"",397732,0,unknown,Polls close at 9 p.m. Eastern time.,Polls close in,Polls have closed.,2020-11-04T02:00:00.000Z,9 p.m.,693,693,100% reporting,100%,100,397732,edison,>98%,>98% reported,edison,republican,FALSE,2020-11-23T15:15:27Z,TRUE,61.91003,246236,R+62,Johnson +62,republican,"","",0,0,1604456855206
46035,Davison,8170,0,7,7,Merged into voters' home precincts and released with cumulative results,100,8170,>98%,>98% reported,edison,10,all,4008,7101,1069,0,0,2020-11-16T15:48:16Z,73.83109,R+74,Johnson +74,republican,SD-G-H-1-2020-11-03,sd-house-general-district-001-2020-11-03,https://www.nytimes.com/interactive/2020/11/03/us/elections/results-south-dakota-house-district-at-large.html,https://www.nytimes.com/interactive/2020/11/03/us/elections/results-south-dakota.html,https://www.nytimes.com/interactive/2020/11/03/us/elections/ap-polls-south-dakota.html,house,general,2020-11-03,FALSE,U.S. House At-Large,U.S. House,H,solid-rep,1,At-Large,SD,south-dakota,South Dakota,S.D.,horizontal,"",FALSE,TRUE,winner,AP,FALSE,"",397732,0,unknown,Polls close at 9 p.m. Eastern time.,Polls close in,Polls have closed.,2020-11-04T02:00:00.000Z,9 p.m.,693,693,100% reporting,100%,100,397732,edison,>98%,>98% reported,edison,republican,FALSE,2020-11-23T15:15:27Z,TRUE,61.91003,246236,R+62,Johnson +62,republican,"","",0,0,1604456855206
46037,Day,2821,0,14,14,Merged into voters' home precincts and released with cumulative results,100,2821,>98%,>98% reported,edison,10,unknown,2443,2336,485,0,0,2020-11-16T15:48:16Z,65.61503,R+66,Johnson +66,republican,SD-G-H-1-2020-11-03,sd-house-general-district-001-2020-11-03,https://www.nytimes.com/interactive/2020/11/03/us/elections/results-south-dakota-house-district-at-large.html,https://www.nytimes.com/interactive/2020/11/03/us/elections/results-south-dakota.html,https://www.nytimes.com/interactive/2020/11/03/us/elections/ap-polls-south-dakota.html,house,general,2020-11-03,FALSE,U.S. House At-Large,U.S. House,H,solid-rep,1,At-Large,SD,south-dakota,South Dakota,S.D.,horizontal,"",FALSE,TRUE,winner,AP,FALSE,"",397732,0,unknown,Polls close at 9 p.m. Eastern time.,Polls close in,Polls have closed.,2020-11-04T02:00:00.000Z,9 p.m.,693,693,100% reporting,100%,100,397732,edison,>98%,>98% reported,edison,republican,FALSE,2020-11-23T15:15:27Z,TRUE,61.91003,246236,R+62,Johnson +62,republican,"","",0,0,1604456855206
46039,Deuel,2299,0,10,10,Merged into voters' home precincts and released with cumulative results,100,2299,>98%,>98% reported,edison,10,unknown,606,2005,294,0,0,2020-11-16T15:48:17Z,74.42366,R+74,Johnson +74,republican,SD-G-H-1-2020-11-03,sd-house-general-district-001-2020-11-03,https://www.nytimes.com/interactive/2020/11/03/us/elections/results-south-dakota-house-district-at-large.html,https://www.nytimes.com/interactive/2020/11/03/us/elections/results-south-dakota.html,https://www.nytimes.com/interactive/2020/11/03/us/elections/ap-polls-south-dakota.html,house,general,2020-11-03,FALSE,U.S. House At-Large,U.S. House,H,solid-rep,1,At-Large,SD,south-dakota,South Dakota,S.D.,horizontal,"",FALSE,TRUE,winner,AP,FALSE,"",397732,0,unknown,Polls close at 9 p.m. Eastern time.,Polls close in,Polls have closed.,2020-11-04T02:00:00.000Z,9 p.m.,693,693,100% reporting,100%,100,397732,edison,>98%,>98% reported,edison,republican,FALSE,2020-11-23T15:15:27Z,TRUE,61.91003,246236,R+62,Johnson +62,republican,"","",0,0,1604456855206
46041,Dewey,1758,0,11,11,Merged into voters' home precincts and released with cumulative results,100,1758,>98%,>98% reported,edison,10,unknown,477,1065,693,0,0,2020-11-16T15:48:17Z,21.16041,R+21,Johnson +21,republican,SD-G-H-1-2020-11-03,sd-house-general-district-001-2020-11-03,https://www.nytimes.com/interactive/2020/11/03/us/elections/results-south-dakota-house-district-at-large.html,https://www.nytimes.com/interactive/2020/11/03/us/elections/results-south-dakota.html,https://www.nytimes.com/interactive/2020/11/03/us/elections/ap-polls-south-dakota.html,house,general,2020-11-03,FALSE,U.S. House At-Large,U.S. House,H,solid-rep,1,At-Large,SD,south-dakota,South Dakota,S.D.,horizontal,"",FALSE,TRUE,winner,AP,FALSE,"",397732,0,unknown,Polls close at 9 p.m. Eastern time.,Polls close in,Polls have closed.,2020-11-04T02:00:00.000Z,9 p.m.,693,693,100% reporting,100%,100,397732,edison,>98%,>98% reported,edison,republican,FALSE,2020-11-23T15:15:27Z,TRUE,61.91003,246236,R+62,Johnson +62,republican,"","",0,0,1604456855206
46043,Douglas,1674,0,6,6,Merged into voters' home precincts and released with cumulative results,100,1674,>98%,>98% reported,edison,10,unknown,126,1568,106,0,0,2020-11-16T15:48:17Z,87.33572,R+87,Johnson +87,republican,SD-G-H-1-2020-11-03,sd-house-general-district-001-2020-11-03,https://www.nytimes.com/interactive/2020/11/03/us/elections/results-south-dakota-house-district-at-large.html,https://www.nytimes.com/interactive/2020/11/03/us/elections/results-south-dakota.html,https://www.nytimes.com/interactive/2020/11/03/us/elections/ap-polls-south-dakota.html,house,general,2020-11-03,FALSE,U.S. House At-Large,U.S. House,H,solid-rep,1,At-Large,SD,south-dakota,South Dakota,S.D.,horizontal,"",FALSE,TRUE,winner,AP,FALSE,"",397732,0,unknown,Polls close at 9 p.m. Eastern time.,Polls close in,Polls have closed.,2020-11-04T02:00:00.000Z,9 p.m.,693,693,100% reporting,100%,100,397732,edison,>98%,>98% reported,edison,republican,FALSE,2020-11-23T15:15:27Z,TRUE,61.91003,246236,R+62,Johnson +62,republican,"","",0,0,1604456855206
46045,Edmunds,1925,0,6,6,Merged into voters' home precincts and released with cumulative results,100,1925,>98%,>98% reported,edison,10,unknown,475,1741,184,0,0,2020-11-16T15:48:18Z,80.88312,R+81,Johnson +81,republican,SD-G-H-1-2020-11-03,sd-house-general-district-001-2020-11-03,https://www.nytimes.com/interactive/2020/11/03/us/elections/results-south-dakota-house-district-at-large.html,https://www.nytimes.com/interactive/2020/11/03/us/elections/results-south-dakota.html,https://www.nytimes.com/interactive/2020/11/03/us/elections/ap-polls-south-dakota.html,house,general,2020-11-03,FALSE,U.S. House At-Large,U.S. House,H,solid-rep,1,At-Large,SD,south-dakota,South Dakota,S.D.,horizontal,"",FALSE,TRUE,winner,AP,FALSE,"",397732,0,unknown,Polls close at 9 p.m. Eastern time.,Polls close in,Polls have closed.,2020-11-04T02:00:00.000Z,9 p.m.,693,693,100% reporting,100%,100,397732,edison,>98%,>98% reported,edison,republican,FALSE,2020-11-23T15:15:27Z,TRUE,61.91003,246236,R+62,Johnson +62,republican,"","",0,0,1604456855206
46047,Fall River,3877,0,9,9,Merged into voters' home precincts and released with cumulative results,100,3877,>98%,>98% reported,edison,10,unknown,2019,3142,735,0,0,2020-11-16T15:48:18Z,62.08409,R+62,Johnson +62,republican,SD-G-H-1-2020-11-03,sd-house-general-district-001-2020-11-03,https://www.nytimes.com/interactive/2020/11/03/us/elections/results-south-dakota-house-district-at-large.html,https://www.nytimes.com/interactive/2020/11/03/us/elections/results-south-dakota.html,https://www.nytimes.com/interactive/2020/11/03/us/elections/ap-polls-south-dakota.html,house,general,2020-11-03,FALSE,U.S. House At-Large,U.S. House,H,solid-rep,1,At-Large,SD,south-dakota,South Dakota,S.D.,horizontal,"",FALSE,TRUE,winner,AP,FALSE,"",397732,0,unknown,Polls close at 9 p.m. Eastern time.,Polls close in,Polls have closed.,2020-11-04T02:00:00.000Z,9 p.m.,693,693,100% reporting,100%,100,397732,edison,>98%,>98% reported,edison,republican,FALSE,2020-11-23T15:15:27Z,TRUE,61.91003,246236,R+62,Johnson +62,republican,"","",0,0,1604456855206
46049,Faulk,1155,0,7,7,Merged into voters' home precincts and released with cumulative results,100,1155,>98%,>98% reported,edison,10,unknown,141,1065,90,0,0,2020-11-16T15:48:19Z,84.41558,R+84,Johnson +84,republican,SD-G-H-1-2020-11-03,sd-house-general-district-001-2020-11-03,https://www.nytimes.com/interactive/2020/11/03/us/elections/results-south-dakota-house-district-at-large.html,https://www.nytimes.com/interactive/2020/11/03/us/elections/results-south-dakota.html,https://www.nytimes.com/interactive/2020/11/03/us/elections/ap-polls-south-dakota.html,house,general,2020-11-03,FALSE,U.S. House At-Large,U.S. House,H,solid-rep,1,At-Large,SD,south-dakota,South Dakota,S.D.,horizontal,"",FALSE,TRUE,winner,AP,FALSE,"",397732,0,unknown,Polls close at 9 p.m. Eastern time.,Polls close in,Polls have closed.,2020-11-04T02:00:00.000Z,9 p.m.,693,693,100% reporting,100%,100,397732,edison,>98%,>98% reported,edison,republican,FALSE,2020-11-23T15:15:27Z,TRUE,61.91003,246236,R+62,Johnson +62,republican,"","",0,0,1604456855206
46051,Grant,3626,0,18,18,Merged into voters' home precincts and released with cumulative results,100,3626,>98%,>98% reported,edison,10,unknown,1406,3164,462,0,0,2020-11-16T15:48:19Z,74.51737,R+75,Johnson +75,republican,SD-G-H-1-2020-11-03,sd-house-general-district-001-2020-11-03,https://www.nytimes.com/interactive/2020/11/03/us/elections/results-south-dakota-house-district-at-large.html,https://www.nytimes.com/interactive/2020/11/03/us/elections/results-south-dakota.html,https://www.nytimes.com/interactive/2020/11/03/us/elections/ap-polls-south-dakota.html,house,general,2020-11-03,FALSE,U.S. House At-Large,U.S. House,H,solid-rep,1,At-Large,SD,south-dakota,South Dakota,S.D.,horizontal,"",FALSE,TRUE,winner,AP,FALSE,"",397732,0,unknown,Polls close at 9 p.m. Eastern time.,Polls close in,Polls have closed.,2020-11-04T02:00:00.000Z,9 p.m.,693,693,100% reporting,100%,100,397732,edison,>98%,>98% reported,edison,republican,FALSE,2020-11-23T15:15:27Z,TRUE,61.91003,246236,R+62,Johnson +62,republican,"","",0,0,1604456855206
46053,Gregory,2188,0,3,3,Merged into voters' home precincts and released with cumulative results,100,2188,>98%,>98% reported,edison,10,unknown,571,2009,179,0,0,2020-11-16T15:48:20Z,83.63803,R+84,Johnson +84,republican,SD-G-H-1-2020-11-03,sd-house-general-district-001-2020-11-03,https://www.nytimes.com/interactive/2020/11/03/us/elections/results-south-dakota-house-district-at-large.html,https://www.nytimes.com/interactive/2020/11/03/us/elections/results-south-dakota.html,https://www.nytimes.com/interactive/2020/11/03/us/elections/ap-polls-south-dakota.html,house,general,2020-11-03,FALSE,U.S. House At-Large,U.S. House,H,solid-rep,1,At-Large,SD,south-dakota,South Dakota,S.D.,horizontal,"",FALSE,TRUE,winner,AP,FALSE,"",397732,0,unknown,Polls close at 9 p.m. Eastern time.,Polls close in,Polls have closed.,2020-11-04T02:00:00.000Z,9 p.m.,693,693,100% reporting,100%,100,397732,edison,>98%,>98% reported,edison,republican,FALSE,2020-11-23T15:15:27Z,TRUE,61.91003,246236,R+62,Johnson +62,republican,"","",0,0,1604456855206
46055,Haakon,1120,0,6,6,Merged into voters' home precincts and released with cumulative results,100,1120,>98%,>98% reported,edison,10,unknown,520,1061,59,0,0,2020-11-16T15:48:20Z,89.46429,R+89,Johnson +89,republican,SD-G-H-1-2020-11-03,sd-house-general-district-001-2020-11-03,https://www.nytimes.com/interactive/2020/11/03/us/elections/results-south-dakota-house-district-at-large.html,https://www.nytimes.com/interactive/2020/11/03/us/elections/results-south-dakota.html,https://www.nytimes.com/interactive/2020/11/03/us/elections/ap-polls-south-dakota.html,house,general,2020-11-03,FALSE,U.S. House At-Large,U.S. House,H,solid-rep,1,At-Large,SD,south-dakota,South Dakota,S.D.,horizontal,"",FALSE,TRUE,winner,AP,FALSE,"",397732,0,unknown,Polls close at 9 p.m. Eastern time.,Polls close in,Polls have closed.,2020-11-04T02:00:00.000Z,9 p.m.,693,693,100% reporting,100%,100,397732,edison,>98%,>98% reported,edison,republican,FALSE,2020-11-23T15:15:27Z,TRUE,61.91003,246236,R+62,Johnson +62,republican,"","",0,0,1604456855206
46057,Hamlin,3003,0,7,7,Merged into voters' home precincts and released with cumulative results,100,3003,>98%,>98% reported,edison,10,unknown,994,2644,359,0,0,2020-11-16T15:48:20Z,76.09058,R+76,Johnson +76,republican,SD-G-H-1-2020-11-03,sd-house-general-district-001-2020-11-03,https://www.nytimes.com/interactive/2020/11/03/us/elections/results-south-dakota-house-district-at-large.html,https://www.nytimes.com/interactive/2020/11/03/us/elections/results-south-dakota.html,https://www.nytimes.com/interactive/2020/11/03/us/elections/ap-polls-south-dakota.html,house,general,2020-11-03,FALSE,U.S. House At-Large,U.S. House,H,solid-rep,1,At-Large,SD,south-dakota,South Dakota,S.D.,horizontal,"",FALSE,TRUE,winner,AP,FALSE,"",397732,0,unknown,Polls close at 9 p.m. Eastern time.,Polls close in,Polls have closed.,2020-11-04T02:00:00.000Z,9 p.m.,693,693,100% reporting,100%,100,397732,edison,>98%,>98% reported,edison,republican,FALSE,2020-11-23T15:15:27Z,TRUE,61.91003,246236,R+62,Johnson +62,republican,"","",0,0,1604456855206
46059,Hand,1806,0,12,12,Merged into voters' home precincts and released with cumulative results,100,1806,>98%,>98% reported,edison,10,unknown,693,1647,159,0,0,2020-11-16T15:48:21Z,82.39203,R+82,Johnson +82,republican,SD-G-H-1-2020-11-03,sd-house-general-district-001-2020-11-03,https://www.nytimes.com/interactive/2020/11/03/us/elections/results-south-dakota-house-district-at-large.html,https://www.nytimes.com/interactive/2020/11/03/us/elections/results-south-dakota.html,https://www.nytimes.com/interactive/2020/11/03/us/elections/ap-polls-south-dakota.html,house,general,2020-11-03,FALSE,U.S. House At-Large,U.S. House,H,solid-rep,1,At-Large,SD,south-dakota,South Dakota,S.D.,horizontal,"",FALSE,TRUE,winner,AP,FALSE,"",397732,0,unknown,Polls close at 9 p.m. Eastern time.,Polls close in,Polls have closed.,2020-11-04T02:00:00.000Z,9 p.m.,693,693,100% reporting,100%,100,397732,edison,>98%,>98% reported,edison,republican,FALSE,2020-11-23T15:15:27Z,TRUE,61.91003,246236,R+62,Johnson +62,republican,"","",0,0,1604456855206
46061,Hanson,2213,0,5,5,Merged into voters' home precincts and released with cumulative results,100,2213,>98%,>98% reported,edison,10,unknown,2016,1938,275,0,0,2020-11-16T15:48:21Z,75.14686,R+75,Johnson +75,republican,SD-G-H-1-2020-11-03,sd-house-general-district-001-2020-11-03,https://www.nytimes.com/interactive/2020/11/03/us/elections/results-south-dakota-house-district-at-large.html,https://www.nytimes.com/interactive/2020/11/03/us/elections/results-south-dakota.html,https://www.nytimes.com/interactive/2020/11/03/us/elections/ap-polls-south-dakota.html,house,general,2020-11-03,FALSE,U.S. House At-Large,U.S. House,H,solid-rep,1,At-Large,SD,south-dakota,South Dakota,S.D.,horizontal,"",FALSE,TRUE,winner,AP,FALSE,"",397732,0,unknown,Polls close at 9 p.m. Eastern time.,Polls close in,Polls have closed.,2020-11-04T02:00:00.000Z,9 p.m.,693,693,100% reporting,100%,100,397732,edison,>98%,>98% reported,edison,republican,FALSE,2020-11-23T15:15:27Z,TRUE,61.91003,246236,R+62,Johnson +62,republican,"","",0,0,1604456855206
46063,Harding,795,0,8,8,Merged into voters' home precincts and released with cumulative results,100,795,>98%,>98% reported,edison,10,unknown,251,747,48,0,0,2020-11-16T15:48:22Z,87.92453,R+88,Johnson +88,republican,SD-G-H-1-2020-11-03,sd-house-general-district-001-2020-11-03,https://www.nytimes.com/interactive/2020/11/03/us/elections/results-south-dakota-house-district-at-large.html,https://www.nytimes.com/interactive/2020/11/03/us/elections/results-south-dakota.html,https://www.nytimes.com/interactive/2020/11/03/us/elections/ap-polls-south-dakota.html,house,general,2020-11-03,FALSE,U.S. House At-Large,U.S. House,H,solid-rep,1,At-Large,SD,south-dakota,South Dakota,S.D.,horizontal,"",FALSE,TRUE,winner,AP,FALSE,"",397732,0,unknown,Polls close at 9 p.m. Eastern time.,Polls close in,Polls have closed.,2020-11-04T02:00:00.000Z,9 p.m.,693,693,100% reporting,100%,100,397732,edison,>98%,>98% reported,edison,republican,FALSE,2020-11-23T15:15:27Z,TRUE,61.91003,246236,R+62,Johnson +62,republican,"","",0,0,1604456855206
46065,Hughes,8424,0,6,6,Merged into voters' home precincts and released with cumulative results,100,8424,>98%,>98% reported,edison,10,all,5670,7148,1276,0,0,2020-11-16T15:48:22Z,69.7056,R+70,Johnson +70,republican,SD-G-H-1-2020-11-03,sd-house-general-district-001-2020-11-03,https://www.nytimes.com/interactive/2020/11/03/us/elections/results-south-dakota-house-district-at-large.html,https://www.nytimes.com/interactive/2020/11/03/us/elections/results-south-dakota.html,https://www.nytimes.com/interactive/2020/11/03/us/elections/ap-polls-south-dakota.html,house,general,2020-11-03,FALSE,U.S. House At-Large,U.S. House,H,solid-rep,1,At-Large,SD,south-dakota,South Dakota,S.D.,horizontal,"",FALSE,TRUE,winner,AP,FALSE,"",397732,0,unknown,Polls close at 9 p.m. Eastern time.,Polls close in,Polls have closed.,2020-11-04T02:00:00.000Z,9 p.m.,693,693,100% reporting,100%,100,397732,edison,>98%,>98% reported,edison,republican,FALSE,2020-11-23T15:15:27Z,TRUE,61.91003,246236,R+62,Johnson +62,republican,"","",0,0,1604456855206
46067,Hutchinson,3652,0,7,7,Merged into voters' home precincts and released with cumulative results,100,3652,>98%,>98% reported,edison,10,unknown,776,3301,351,0,0,2020-11-16T15:48:23Z,80.77766,R+81,Johnson +81,republican,SD-G-H-1-2020-11-03,sd-house-general-district-001-2020-11-03,https://www.nytimes.com/interactive/2020/11/03/us/elections/results-south-dakota-house-district-at-large.html,https://www.nytimes.com/interactive/2020/11/03/us/elections/results-south-dakota.html,https://www.nytimes.com/interactive/2020/11/03/us/elections/ap-polls-south-dakota.html,house,general,2020-11-03,FALSE,U.S. House At-Large,U.S. House,H,solid-rep,1,At-Large,SD,south-dakota,South Dakota,S.D.,horizontal,"",FALSE,TRUE,winner,AP,FALSE,"",397732,0,unknown,Polls close at 9 p.m. Eastern time.,Polls close in,Polls have closed.,2020-11-04T02:00:00.000Z,9 p.m.,693,693,100% reporting,100%,100,397732,edison,>98%,>98% reported,edison,republican,FALSE,2020-11-23T15:15:27Z,TRUE,61.91003,246236,R+62,Johnson +62,republican,"","",0,0,1604456855206
46069,Hyde,696,0,1,1,Merged into voters' home precincts and released with cumulative results,100,696,>98%,>98% reported,edison,10,unknown,208,628,68,0,0,2020-11-16T15:48:23Z,80.45977,R+80,Johnson +80,republican,SD-G-H-1-2020-11-03,sd-house-general-district-001-2020-11-03,https://www.nytimes.com/interactive/2020/11/03/us/elections/results-south-dakota-house-district-at-large.html,https://www.nytimes.com/interactive/2020/11/03/us/elections/results-south-dakota.html,https://www.nytimes.com/interactive/2020/11/03/us/elections/ap-polls-south-dakota.html,house,general,2020-11-03,FALSE,U.S. House At-Large,U.S. House,H,solid-rep,1,At-Large,SD,south-dakota,South Dakota,S.D.,horizontal,"",FALSE,TRUE,winner,AP,FALSE,"",397732,0,unknown,Polls close at 9 p.m. Eastern time.,Polls close in,Polls have closed.,2020-11-04T02:00:00.000Z,9 p.m.,693,693,100% reporting,100%,100,397732,edison,>98%,>98% reported,edison,republican,FALSE,2020-11-23T15:15:27Z,TRUE,61.91003,246236,R+62,Johnson +62,republican,"","",0,0,1604456855206
46071,Jackson,1062,0,8,8,Merged into voters' home precincts and released with cumulative results,100,1062,>98%,>98% reported,edison,10,unknown,240,809,253,0,0,2020-11-16T15:48:23Z,52.35405,R+52,Johnson +52,republican,SD-G-H-1-2020-11-03,sd-house-general-district-001-2020-11-03,https://www.nytimes.com/interactive/2020/11/03/us/elections/results-south-dakota-house-district-at-large.html,https://www.nytimes.com/interactive/2020/11/03/us/elections/results-south-dakota.html,https://www.nytimes.com/interactive/2020/11/03/us/elections/ap-polls-south-dakota.html,house,general,2020-11-03,FALSE,U.S. House At-Large,U.S. House,H,solid-rep,1,At-Large,SD,south-dakota,South Dakota,S.D.,horizontal,"",FALSE,TRUE,winner,AP,FALSE,"",397732,0,unknown,Polls close at 9 p.m. Eastern time.,Polls close in,Polls have closed.,2020-11-04T02:00:00.000Z,9 p.m.,693,693,100% reporting,100%,100,397732,edison,>98%,>98% reported,edison,republican,FALSE,2020-11-23T15:15:27Z,TRUE,61.91003,246236,R+62,Johnson +62,republican,"","",0,0,1604456855206
46073,Jerauld,962,0,5,5,Merged into voters' home precincts and released with cumulative results,100,962,>98%,>98% reported,edison,10,unknown,304,847,115,0,0,2020-11-16T15:48:24Z,76.09148,R+76,Johnson +76,republican,SD-G-H-1-2020-11-03,sd-house-general-district-001-2020-11-03,https://www.nytimes.com/interactive/2020/11/03/us/elections/results-south-dakota-house-district-at-large.html,https://www.nytimes.com/interactive/2020/11/03/us/elections/results-south-dakota.html,https://www.nytimes.com/interactive/2020/11/03/us/elections/ap-polls-south-dakota.html,house,general,2020-11-03,FALSE,U.S. House At-Large,U.S. House,H,solid-rep,1,At-Large,SD,south-dakota,South Dakota,S.D.,horizontal,"",FALSE,TRUE,winner,AP,FALSE,"",397732,0,unknown,Polls close at 9 p.m. Eastern time.,Polls close in,Polls have closed.,2020-11-04T02:00:00.000Z,9 p.m.,693,693,100% reporting,100%,100,397732,edison,>98%,>98% reported,edison,republican,FALSE,2020-11-23T15:15:27Z,TRUE,61.91003,246236,R+62,Johnson +62,republican,"","",0,0,1604456855206
46075,Jones,593,0,3,3,Merged into voters' home precincts and released with cumulative results,100,593,>98%,>98% reported,edison,10,unknown,197,528,65,0,0,2020-11-16T15:48:24Z,78.07757,R+78,Johnson +78,republican,SD-G-H-1-2020-11-03,sd-house-general-district-001-2020-11-03,https://www.nytimes.com/interactive/2020/11/03/us/elections/results-south-dakota-house-district-at-large.html,https://www.nytimes.com/interactive/2020/11/03/us/elections/results-south-dakota.html,https://www.nytimes.com/interactive/2020/11/03/us/elections/ap-polls-south-dakota.html,house,general,2020-11-03,FALSE,U.S. House At-Large,U.S. House,H,solid-rep,1,At-Large,SD,south-dakota,South Dakota,S.D.,horizontal,"",FALSE,TRUE,winner,AP,FALSE,"",397732,0,unknown,Polls close at 9 p.m. Eastern time.,Polls close in,Polls have closed.,2020-11-04T02:00:00.000Z,9 p.m.,693,693,100% reporting,100%,100,397732,edison,>98%,>98% reported,edison,republican,FALSE,2020-11-23T15:15:27Z,TRUE,61.91003,246236,R+62,Johnson +62,republican,"","",0,0,1604456855206
46077,Kingsbury,2675,0,7,7,Merged into voters' home precincts and released with cumulative results,100,2675,>98%,>98% reported,edison,10,unknown,618,2314,361,0,0,2020-11-16T15:48:24Z,73.00935,R+73,Johnson +73,republican,SD-G-H-1-2020-11-03,sd-house-general-district-001-2020-11-03,https://www.nytimes.com/interactive/2020/11/03/us/elections/results-south-dakota-house-district-at-large.html,https://www.nytimes.com/interactive/2020/11/03/us/elections/results-south-dakota.html,https://www.nytimes.com/interactive/2020/11/03/us/elections/ap-polls-south-dakota.html,house,general,2020-11-03,FALSE,U.S. House At-Large,U.S. House,H,solid-rep,1,At-Large,SD,south-dakota,South Dakota,S.D.,horizontal,"",FALSE,TRUE,winner,AP,FALSE,"",397732,0,unknown,Polls close at 9 p.m. Eastern time.,Polls close in,Polls have closed.,2020-11-04T02:00:00.000Z,9 p.m.,693,693,100% reporting,100%,100,397732,edison,>98%,>98% reported,edison,republican,FALSE,2020-11-23T15:15:27Z,TRUE,61.91003,246236,R+62,Johnson +62,republican,"","",0,0,1604456855206
46079,Lake,5551,0,10,10,Merged into voters' home precincts and released with cumulative results,100,5551,>98%,>98% reported,edison,10,unknown,3936,4717,834,0,0,2020-11-16T15:48:25Z,69.95136,R+70,Johnson +70,republican,SD-G-H-1-2020-11-03,sd-house-general-district-001-2020-11-03,https://www.nytimes.com/interactive/2020/11/03/us/elections/results-south-dakota-house-district-at-large.html,https://www.nytimes.com/interactive/2020/11/03/us/elections/results-south-dakota.html,https://www.nytimes.com/interactive/2020/11/03/us/elections/ap-polls-south-dakota.html,house,general,2020-11-03,FALSE,U.S. House At-Large,U.S. House,H,solid-rep,1,At-Large,SD,south-dakota,South Dakota,S.D.,horizontal,"",FALSE,TRUE,winner,AP,FALSE,"",397732,0,unknown,Polls close at 9 p.m. Eastern time.,Polls close in,Polls have closed.,2020-11-04T02:00:00.000Z,9 p.m.,693,693,100% reporting,100%,100,397732,edison,>98%,>98% reported,edison,republican,FALSE,2020-11-23T15:15:27Z,TRUE,61.91003,246236,R+62,Johnson +62,republican,"","",0,0,1604456855206
46081,Lawrence,13002,0,11,11,Released as a precinct in the middle of the night,100,13002,>98%,>98% reported,edison,10,all,6941,10481,2521,0,0,2020-11-16T15:48:25Z,61.22135,R+61,Johnson +61,republican,SD-G-H-1-2020-11-03,sd-house-general-district-001-2020-11-03,https://www.nytimes.com/interactive/2020/11/03/us/elections/results-south-dakota-house-district-at-large.html,https://www.nytimes.com/interactive/2020/11/03/us/elections/results-south-dakota.html,https://www.nytimes.com/interactive/2020/11/03/us/elections/ap-polls-south-dakota.html,house,general,2020-11-03,FALSE,U.S. House At-Large,U.S. House,H,solid-rep,1,At-Large,SD,south-dakota,South Dakota,S.D.,horizontal,"",FALSE,TRUE,winner,AP,FALSE,"",397732,0,unknown,Polls close at 9 p.m. Eastern time.,Polls close in,Polls have closed.,2020-11-04T02:00:00.000Z,9 p.m.,693,693,100% reporting,100%,100,397732,edison,>98%,>98% reported,edison,republican,FALSE,2020-11-23T15:15:27Z,TRUE,61.91003,246236,R+62,Johnson +62,republican,"","",0,0,1604456855206
46083,Lincoln,30588,0,31,31,Merged into voters' home precincts and released with cumulative results,100,30588,>98%,>98% reported,edison,10,all,8870,25298,5290,0,0,2020-11-16T15:48:25Z,65.41127,R+65,Johnson +65,republican,SD-G-H-1-2020-11-03,sd-house-general-district-001-2020-11-03,https://www.nytimes.com/interactive/2020/11/03/us/elections/results-south-dakota-house-district-at-large.html,https://www.nytimes.com/interactive/2020/11/03/us/elections/results-south-dakota.html,https://www.nytimes.com/interactive/2020/11/03/us/elections/ap-polls-south-dakota.html,house,general,2020-11-03,FALSE,U.S. House At-Large,U.S. House,H,solid-rep,1,At-Large,SD,south-dakota,South Dakota,S.D.,horizontal,"",FALSE,TRUE,winner,AP,FALSE,"",397732,0,unknown,Polls close at 9 p.m. Eastern time.,Polls close in,Polls have closed.,2020-11-04T02:00:00.000Z,9 p.m.,693,693,100% reporting,100%,100,397732,edison,>98%,>98% reported,edison,republican,FALSE,2020-11-23T15:15:27Z,TRUE,61.91003,246236,R+62,Johnson +62,republican,"","",0,0,1604456855206
46085,Lyman,1540,0,7,7,Merged into voters' home precincts and released with cumulative results,100,1540,>98%,>98% reported,edison,10,unknown,136,1228,312,0,0,2020-11-16T15:48:25Z,59.48052,R+59,Johnson +59,republican,SD-G-H-1-2020-11-03,sd-house-general-district-001-2020-11-03,https://www.nytimes.com/interactive/2020/11/03/us/elections/results-south-dakota-house-district-at-large.html,https://www.nytimes.com/interactive/2020/11/03/us/elections/results-south-dakota.html,https://www.nytimes.com/interactive/2020/11/03/us/elections/ap-polls-south-dakota.html,house,general,2020-11-03,FALSE,U.S. House At-Large,U.S. House,H,solid-rep,1,At-Large,SD,south-dakota,South Dakota,S.D.,horizontal,"",FALSE,TRUE,winner,AP,FALSE,"",397732,0,unknown,Polls close at 9 p.m. Eastern time.,Polls close in,Polls have closed.,2020-11-04T02:00:00.000Z,9 p.m.,693,693,100% reporting,100%,100,397732,edison,>98%,>98% reported,edison,republican,FALSE,2020-11-23T15:15:27Z,TRUE,61.91003,246236,R+62,Johnson +62,republican,"","",0,0,1604456855206
46091,Marshall,2034,0,9,9,Merged into voters' home precincts and released with cumulative results,100,2034,>98%,>98% reported,edison,10,unknown,680,1670,364,0,0,2020-11-16T15:47:44Z,64.20846,R+64,Johnson +64,republican,SD-G-H-1-2020-11-03,sd-house-general-district-001-2020-11-03,https://www.nytimes.com/interactive/2020/11/03/us/elections/results-south-dakota-house-district-at-large.html,https://www.nytimes.com/interactive/2020/11/03/us/elections/results-south-dakota.html,https://www.nytimes.com/interactive/2020/11/03/us/elections/ap-polls-south-dakota.html,house,general,2020-11-03,FALSE,U.S. House At-Large,U.S. House,H,solid-rep,1,At-Large,SD,south-dakota,South Dakota,S.D.,horizontal,"",FALSE,TRUE,winner,AP,FALSE,"",397732,0,unknown,Polls close at 9 p.m. Eastern time.,Polls close in,Polls have closed.,2020-11-04T02:00:00.000Z,9 p.m.,693,693,100% reporting,100%,100,397732,edison,>98%,>98% reported,edison,republican,FALSE,2020-11-23T15:15:27Z,TRUE,61.91003,246236,R+62,Johnson +62,republican,"","",0,0,1604456855206
46087,McCook,2848,0,6,6,Merged into voters' home precincts and released with cumulative results,100,2848,>98%,>98% reported,edison,10,unknown,744,2479,369,0,0,2020-11-16T15:48:26Z,74.08708,R+74,Johnson +74,republican,SD-G-H-1-2020-11-03,sd-house-general-district-001-2020-11-03,https://www.nytimes.com/interactive/2020/11/03/us/elections/results-south-dakota-house-district-at-large.html,https://www.nytimes.com/interactive/2020/11/03/us/elections/results-south-dakota.html,https://www.nytimes.com/interactive/2020/11/03/us/elections/ap-polls-south-dakota.html,house,general,2020-11-03,FALSE,U.S. House At-Large,U.S. House,H,solid-rep,1,At-Large,SD,south-dakota,South Dakota,S.D.,horizontal,"",FALSE,TRUE,winner,AP,FALSE,"",397732,0,unknown,Polls close at 9 p.m. Eastern time.,Polls close in,Polls have closed.,2020-11-04T02:00:00.000Z,9 p.m.,693,693,100% reporting,100%,100,397732,edison,>98%,>98% reported,edison,republican,FALSE,2020-11-23T15:15:27Z,TRUE,61.91003,246236,R+62,Johnson +62,republican,"","",0,0,1604456855206
46089,McPherson,1295,0,6,6,Merged into voters' home precincts and released with cumulative results,100,1295,>98%,>98% reported,edison,10,unknown,683,1181,114,0,0,2020-11-16T15:47:42Z,82.39382,R+82,Johnson +82,republican,SD-G-H-1-2020-11-03,sd-house-general-district-001-2020-11-03,https://www.nytimes.com/interactive/2020/11/03/us/elections/results-south-dakota-house-district-at-large.html,https://www.nytimes.com/interactive/2020/11/03/us/elections/results-south-dakota.html,https://www.nytimes.com/interactive/2020/11/03/us/elections/ap-polls-south-dakota.html,house,general,2020-11-03,FALSE,U.S. House At-Large,U.S. House,H,solid-rep,1,At-Large,SD,south-dakota,South Dakota,S.D.,horizontal,"",FALSE,TRUE,winner,AP,FALSE,"",397732,0,unknown,Polls close at 9 p.m. Eastern time.,Polls close in,Polls have closed.,2020-11-04T02:00:00.000Z,9 p.m.,693,693,100% reporting,100%,100,397732,edison,>98%,>98% reported,edison,republican,FALSE,2020-11-23T15:15:27Z,TRUE,61.91003,246236,R+62,Johnson +62,republican,"","",0,0,1604456855206
46093,Meade,13161,0,37,37,Merged into voters' home precincts and released with cumulative results,100,13161,>98%,>98% reported,edison,10,unknown,3994,10983,2178,0,0,2020-11-16T15:47:45Z,66.90221,R+67,Johnson +67,republican,SD-G-H-1-2020-11-03,sd-house-general-district-001-2020-11-03,https://www.nytimes.com/interactive/2020/11/03/us/elections/results-south-dakota-house-district-at-large.html,https://www.nytimes.com/interactive/2020/11/03/us/elections/results-south-dakota.html,https://www.nytimes.com/interactive/2020/11/03/us/elections/ap-polls-south-dakota.html,house,general,2020-11-03,FALSE,U.S. House At-Large,U.S. House,H,solid-rep,1,At-Large,SD,south-dakota,South Dakota,S.D.,horizontal,"",FALSE,TRUE,winner,AP,FALSE,"",397732,0,unknown,Polls close at 9 p.m. Eastern time.,Polls close in,Polls have closed.,2020-11-04T02:00:00.000Z,9 p.m.,693,693,100% reporting,100%,100,397732,edison,>98%,>98% reported,edison,republican,FALSE,2020-11-23T15:15:27Z,TRUE,61.91003,246236,R+62,Johnson +62,republican,"","",0,0,1604456855206
46095,Mellette,746,0,4,4,Merged into voters' home precincts and released with cumulative results,100,746,>98%,>98% reported,edison,10,unknown,290,548,198,0,0,2020-11-16T15:47:45Z,46.91689,R+47,Johnson +47,republican,SD-G-H-1-2020-11-03,sd-house-general-district-001-2020-11-03,https://www.nytimes.com/interactive/2020/11/03/us/elections/results-south-dakota-house-district-at-large.html,https://www.nytimes.com/interactive/2020/11/03/us/elections/results-south-dakota.html,https://www.nytimes.com/interactive/2020/11/03/us/elections/ap-polls-south-dakota.html,house,general,2020-11-03,FALSE,U.S. House At-Large,U.S. House,H,solid-rep,1,At-Large,SD,south-dakota,South Dakota,S.D.,horizontal,"",FALSE,TRUE,winner,AP,FALSE,"",397732,0,unknown,Polls close at 9 p.m. Eastern time.,Polls close in,Polls have closed.,2020-11-04T02:00:00.000Z,9 p.m.,693,693,100% reporting,100%,100,397732,edison,>98%,>98% reported,edison,republican,FALSE,2020-11-23T15:15:27Z,TRUE,61.91003,246236,R+62,Johnson +62,republican,"","",0,0,1604456855206
46097,Miner,1097,0,8,8,Merged into voters' home precincts and released with cumulative results,100,1097,>98%,>98% reported,edison,10,unknown,322,964,133,0,0,2020-11-16T15:47:46Z,75.75205,R+76,Johnson +76,republican,SD-G-H-1-2020-11-03,sd-house-general-district-001-2020-11-03,https://www.nytimes.com/interactive/2020/11/03/us/elections/results-south-dakota-house-district-at-large.html,https://www.nytimes.com/interactive/2020/11/03/us/elections/results-south-dakota.html,https://www.nytimes.com/interactive/2020/11/03/us/elections/ap-polls-south-dakota.html,house,general,2020-11-03,FALSE,U.S. House At-Large,U.S. House,H,solid-rep,1,At-Large,SD,south-dakota,South Dakota,S.D.,horizontal,"",FALSE,TRUE,winner,AP,FALSE,"",397732,0,unknown,Polls close at 9 p.m. Eastern time.,Polls close in,Polls have closed.,2020-11-04T02:00:00.000Z,9 p.m.,693,693,100% reporting,100%,100,397732,edison,>98%,>98% reported,edison,republican,FALSE,2020-11-23T15:15:27Z,TRUE,61.91003,246236,R+62,Johnson +62,republican,"","",0,0,1604456855206
46099,Minnehaha,85073,0,71,71,Merged into voters' home precincts and released with cumulative results,100,85073,>98%,>98% reported,edison,10,none,25270,65473,19600,0,0,2020-11-16T15:47:46Z,53.92193,R+54,Johnson +54,republican,SD-G-H-1-2020-11-03,sd-house-general-district-001-2020-11-03,https://www.nytimes.com/interactive/2020/11/03/us/elections/results-south-dakota-house-district-at-large.html,https://www.nytimes.com/interactive/2020/11/03/us/elections/results-south-dakota.html,https://www.nytimes.com/interactive/2020/11/03/us/elections/ap-polls-south-dakota.html,house,general,2020-11-03,FALSE,U.S. House At-Large,U.S. House,H,solid-rep,1,At-Large,SD,south-dakota,South Dakota,S.D.,horizontal,"",FALSE,TRUE,winner,AP,FALSE,"",397732,0,unknown,Polls close at 9 p.m. Eastern time.,Polls close in,Polls have closed.,2020-11-04T02:00:00.000Z,9 p.m.,693,693,100% reporting,100%,100,397732,edison,>98%,>98% reported,edison,republican,FALSE,2020-11-23T15:15:27Z,TRUE,61.91003,246236,R+62,Johnson +62,republican,"","",0,0,1604456855206
46101,Moody,3056,0,6,6,Merged into voters' home precincts and released with cumulative results,100,3056,>98%,>98% reported,edison,10,unknown,768,2425,631,0,0,2020-11-16T15:47:46Z,58.70419,R+59,Johnson +59,republican,SD-G-H-1-2020-11-03,sd-house-general-district-001-2020-11-03,https://www.nytimes.com/interactive/2020/11/03/us/elections/results-south-dakota-house-district-at-large.html,https://www.nytimes.com/interactive/2020/11/03/us/elections/results-south-dakota.html,https://www.nytimes.com/interactive/2020/11/03/us/elections/ap-polls-south-dakota.html,house,general,2020-11-03,FALSE,U.S. House At-Large,U.S. House,H,solid-rep,1,At-Large,SD,south-dakota,South Dakota,S.D.,horizontal,"",FALSE,TRUE,winner,AP,FALSE,"",397732,0,unknown,Polls close at 9 p.m. Eastern time.,Polls close in,Polls have closed.,2020-11-04T02:00:00.000Z,9 p.m.,693,693,100% reporting,100%,100,397732,edison,>98%,>98% reported,edison,republican,FALSE,2020-11-23T15:15:27Z,TRUE,61.91003,246236,R+62,Johnson +62,republican,"","",0,0,1604456855206
46102,Oglala Lakota,2720,0,9,9,None,100,2720,>98%,>98% reported,edison,10,unknown,1106,855,1865,0,0,2020-11-16T15:47:50Z,37.13235,L+37,Luallin +37,libertarian,SD-G-H-1-2020-11-03,sd-house-general-district-001-2020-11-03,https://www.nytimes.com/interactive/2020/11/03/us/elections/results-south-dakota-house-district-at-large.html,https://www.nytimes.com/interactive/2020/11/03/us/elections/results-south-dakota.html,https://www.nytimes.com/interactive/2020/11/03/us/elections/ap-polls-south-dakota.html,house,general,2020-11-03,FALSE,U.S. House At-Large,U.S. House,H,solid-rep,1,At-Large,SD,south-dakota,South Dakota,S.D.,horizontal,"",FALSE,TRUE,winner,AP,FALSE,"",397732,0,unknown,Polls close at 9 p.m. Eastern time.,Polls close in,Polls have closed.,2020-11-04T02:00:00.000Z,9 p.m.,693,693,100% reporting,100%,100,397732,edison,>98%,>98% reported,edison,republican,FALSE,2020-11-23T15:15:27Z,TRUE,61.91003,246236,R+62,Johnson +62,republican,"","",0,0,1604456855206
46103,Pennington,53661,0,47,47,Merged into voters' home precincts and released with cumulative results,100,53661,>98%,>98% reported,edison,10,all,8515,41982,11679,0,0,2020-11-16T15:47:47Z,56.47118,R+56,Johnson +56,republican,SD-G-H-1-2020-11-03,sd-house-general-district-001-2020-11-03,https://www.nytimes.com/interactive/2020/11/03/us/elections/results-south-dakota-house-district-at-large.html,https://www.nytimes.com/interactive/2020/11/03/us/elections/results-south-dakota.html,https://www.nytimes.com/interactive/2020/11/03/us/elections/ap-polls-south-dakota.html,house,general,2020-11-03,FALSE,U.S. House At-Large,U.S. House,H,solid-rep,1,At-Large,SD,south-dakota,South Dakota,S.D.,horizontal,"",FALSE,TRUE,winner,AP,FALSE,"",397732,0,unknown,Polls close at 9 p.m. Eastern time.,Polls close in,Polls have closed.,2020-11-04T02:00:00.000Z,9 p.m.,693,693,100% reporting,100%,100,397732,edison,>98%,>98% reported,edison,republican,FALSE,2020-11-23T15:15:27Z,TRUE,61.91003,246236,R+62,Johnson +62,republican,"","",0,0,1604456855206
46105,Perkins,1603,0,10,10,Merged into voters' home precincts and released with cumulative results,100,1603,>98%,>98% reported,edison,10,unknown,453,1427,176,0,0,2020-11-16T15:47:47Z,78.04117,R+78,Johnson +78,republican,SD-G-H-1-2020-11-03,sd-house-general-district-001-2020-11-03,https://www.nytimes.com/interactive/2020/11/03/us/elections/results-south-dakota-house-district-at-large.html,https://www.nytimes.com/interactive/2020/11/03/us/elections/results-south-dakota.html,https://www.nytimes.com/interactive/2020/11/03/us/elections/ap-polls-south-dakota.html,house,general,2020-11-03,FALSE,U.S. House At-Large,U.S. House,H,solid-rep,1,At-Large,SD,south-dakota,South Dakota,S.D.,horizontal,"",FALSE,TRUE,winner,AP,FALSE,"",397732,0,unknown,Polls close at 9 p.m. Eastern time.,Polls close in,Polls have closed.,2020-11-04T02:00:00.000Z,9 p.m.,693,693,100% reporting,100%,100,397732,edison,>98%,>98% reported,edison,republican,FALSE,2020-11-23T15:15:27Z,TRUE,61.91003,246236,R+62,Johnson +62,republican,"","",0,0,1604456855206
46107,Potter,1357,0,3,3,Released as a precinct in the middle of the night,100,1357,>98%,>98% reported,edison,10,unknown,454,1255,102,0,0,2020-11-16T15:47:48Z,84.96684,R+85,Johnson +85,republican,SD-G-H-1-2020-11-03,sd-house-general-district-001-2020-11-03,https://www.nytimes.com/interactive/2020/11/03/us/elections/results-south-dakota-house-district-at-large.html,https://www.nytimes.com/interactive/2020/11/03/us/elections/results-south-dakota.html,https://www.nytimes.com/interactive/2020/11/03/us/elections/ap-polls-south-dakota.html,house,general,2020-11-03,FALSE,U.S. House At-Large,U.S. House,H,solid-rep,1,At-Large,SD,south-dakota,South Dakota,S.D.,horizontal,"",FALSE,TRUE,winner,AP,FALSE,"",397732,0,unknown,Polls close at 9 p.m. Eastern time.,Polls close in,Polls have closed.,2020-11-04T02:00:00.000Z,9 p.m.,693,693,100% reporting,100%,100,397732,edison,>98%,>98% reported,edison,republican,FALSE,2020-11-23T15:15:27Z,TRUE,61.91003,246236,R+62,Johnson +62,republican,"","",0,0,1604456855206
46109,Roberts,4034,0,12,12,Merged into voters' home precincts and released with cumulative results,100,4034,>98%,>98% reported,edison,10,unknown,966,3100,934,0,0,2020-11-16T15:47:49Z,53.6936,R+54,Johnson +54,republican,SD-G-H-1-2020-11-03,sd-house-general-district-001-2020-11-03,https://www.nytimes.com/interactive/2020/11/03/us/elections/results-south-dakota-house-district-at-large.html,https://www.nytimes.com/interactive/2020/11/03/us/elections/results-south-dakota.html,https://www.nytimes.com/interactive/2020/11/03/us/elections/ap-polls-south-dakota.html,house,general,2020-11-03,FALSE,U.S. House At-Large,U.S. House,H,solid-rep,1,At-Large,SD,south-dakota,South Dakota,S.D.,horizontal,"",FALSE,TRUE,winner,AP,FALSE,"",397732,0,unknown,Polls close at 9 p.m. Eastern time.,Polls close in,Polls have closed.,2020-11-04T02:00:00.000Z,9 p.m.,693,693,100% reporting,100%,100,397732,edison,>98%,>98% reported,edison,republican,FALSE,2020-11-23T15:15:27Z,TRUE,61.91003,246236,R+62,Johnson +62,republican,"","",0,0,1604456855206
46111,Sanborn,1145,0,4,4,Merged into voters' home precincts and released with cumulative results,100,1145,>98%,>98% reported,edison,10,unknown,237,1016,129,0,0,2020-11-16T15:47:49Z,77.46725,R+77,Johnson +77,republican,SD-G-H-1-2020-11-03,sd-house-general-district-001-2020-11-03,https://www.nytimes.com/interactive/2020/11/03/us/elections/results-south-dakota-house-district-at-large.html,https://www.nytimes.com/interactive/2020/11/03/us/elections/results-south-dakota.html,https://www.nytimes.com/interactive/2020/11/03/us/elections/ap-polls-south-dakota.html,house,general,2020-11-03,FALSE,U.S. House At-Large,U.S. House,H,solid-rep,1,At-Large,SD,south-dakota,South Dakota,S.D.,horizontal,"",FALSE,TRUE,winner,AP,FALSE,"",397732,0,unknown,Polls close at 9 p.m. Eastern time.,Polls close in,Polls have closed.,2020-11-04T02:00:00.000Z,9 p.m.,693,693,100% reporting,100%,100,397732,edison,>98%,>98% reported,edison,republican,FALSE,2020-11-23T15:15:27Z,TRUE,61.91003,246236,R+62,Johnson +62,republican,"","",0,0,1604456855206
46115,Spink,3045,0,9,9,Merged into voters' home precincts and released with cumulative results,100,3045,>98%,>98% reported,edison,10,unknown,856,2645,400,0,0,2020-11-16T15:47:50Z,73.72742,R+74,Johnson +74,republican,SD-G-H-1-2020-11-03,sd-house-general-district-001-2020-11-03,https://www.nytimes.com/interactive/2020/11/03/us/elections/results-south-dakota-house-district-at-large.html,https://www.nytimes.com/interactive/2020/11/03/us/elections/results-south-dakota.html,https://www.nytimes.com/interactive/2020/11/03/us/elections/ap-polls-south-dakota.html,house,general,2020-11-03,FALSE,U.S. House At-Large,U.S. House,H,solid-rep,1,At-Large,SD,south-dakota,South Dakota,S.D.,horizontal,"",FALSE,TRUE,winner,AP,FALSE,"",397732,0,unknown,Polls close at 9 p.m. Eastern time.,Polls close in,Polls have closed.,2020-11-04T02:00:00.000Z,9 p.m.,693,693,100% reporting,100%,100,397732,edison,>98%,>98% reported,edison,republican,FALSE,2020-11-23T15:15:27Z,TRUE,61.91003,246236,R+62,Johnson +62,republican,"","",0,0,1604456855206
46117,Stanley,1579,0,3,3,Merged into voters' home precincts and released with cumulative results,100,1579,>98%,>98% reported,edison,10,unknown,144,1399,180,0,0,2020-11-16T15:47:50Z,77.20076,R+77,Johnson +77,republican,SD-G-H-1-2020-11-03,sd-house-general-district-001-2020-11-03,https://www.nytimes.com/interactive/2020/11/03/us/elections/results-south-dakota-house-district-at-large.html,https://www.nytimes.com/interactive/2020/11/03/us/elections/results-south-dakota.html,https://www.nytimes.com/interactive/2020/11/03/us/elections/ap-polls-south-dakota.html,house,general,2020-11-03,FALSE,U.S. House At-Large,U.S. House,H,solid-rep,1,At-Large,SD,south-dakota,South Dakota,S.D.,horizontal,"",FALSE,TRUE,winner,AP,FALSE,"",397732,0,unknown,Polls close at 9 p.m. Eastern time.,Polls close in,Polls have closed.,2020-11-04T02:00:00.000Z,9 p.m.,693,693,100% reporting,100%,100,397732,edison,>98%,>98% reported,edison,republican,FALSE,2020-11-23T15:15:27Z,TRUE,61.91003,246236,R+62,Johnson +62,republican,"","",0,0,1604456855206
46119,Sully,899,0,4,4,Released as a separate subtotal at the end of tabulation,100,899,>98%,>98% reported,edison,10,unknown,234,807,92,0,0,2020-11-16T15:47:51Z,79.53281,R+80,Johnson +80,republican,SD-G-H-1-2020-11-03,sd-house-general-district-001-2020-11-03,https://www.nytimes.com/interactive/2020/11/03/us/elections/results-south-dakota-house-district-at-large.html,https://www.nytimes.com/interactive/2020/11/03/us/elections/results-south-dakota.html,https://www.nytimes.com/interactive/2020/11/03/us/elections/ap-polls-south-dakota.html,house,general,2020-11-03,FALSE,U.S. House At-Large,U.S. House,H,solid-rep,1,At-Large,SD,south-dakota,South Dakota,S.D.,horizontal,"",FALSE,TRUE,winner,AP,FALSE,"",397732,0,unknown,Polls close at 9 p.m. Eastern time.,Polls close in,Polls have closed.,2020-11-04T02:00:00.000Z,9 p.m.,693,693,100% reporting,100%,100,397732,edison,>98%,>98% reported,edison,republican,FALSE,2020-11-23T15:15:27Z,TRUE,61.91003,246236,R+62,Johnson +62,republican,"","",0,0,1604456855206
46121,Todd,2208,0,9,9,Merged into voters' home precincts and released with cumulative results,100,2208,>98%,>98% reported,edison,10,unknown,358,961,1247,0,0,2020-11-16T15:47:51Z,12.9529,L+13,Luallin +13,libertarian,SD-G-H-1-2020-11-03,sd-house-general-district-001-2020-11-03,https://www.nytimes.com/interactive/2020/11/03/us/elections/results-south-dakota-house-district-at-large.html,https://www.nytimes.com/interactive/2020/11/03/us/elections/results-south-dakota.html,https://www.nytimes.com/interactive/2020/11/03/us/elections/ap-polls-south-dakota.html,house,general,2020-11-03,FALSE,U.S. House At-Large,U.S. House,H,solid-rep,1,At-Large,SD,south-dakota,South Dakota,S.D.,horizontal,"",FALSE,TRUE,winner,AP,FALSE,"",397732,0,unknown,Polls close at 9 p.m. Eastern time.,Polls close in,Polls have closed.,2020-11-04T02:00:00.000Z,9 p.m.,693,693,100% reporting,100%,100,397732,edison,>98%,>98% reported,edison,republican,FALSE,2020-11-23T15:15:27Z,TRUE,61.91003,246236,R+62,Johnson +62,republican,"","",0,0,1604456855206
46123,Tripp,2627,0,13,13,Merged into voters' home precincts and released with cumulative results,100,2627,>98%,>98% reported,edison,10,unknown,750,2360,267,0,0,2020-11-16T15:47:52Z,79.67263,R+80,Johnson +80,republican,SD-G-H-1-2020-11-03,sd-house-general-district-001-2020-11-03,https://www.nytimes.com/interactive/2020/11/03/us/elections/results-south-dakota-house-district-at-large.html,https://www.nytimes.com/interactive/2020/11/03/us/elections/results-south-dakota.html,https://www.nytimes.com/interactive/2020/11/03/us/elections/ap-polls-south-dakota.html,house,general,2020-11-03,FALSE,U.S. House At-Large,U.S. House,H,solid-rep,1,At-Large,SD,south-dakota,South Dakota,S.D.,horizontal,"",FALSE,TRUE,winner,AP,FALSE,"",397732,0,unknown,Polls close at 9 p.m. Eastern time.,Polls close in,Polls have closed.,2020-11-04T02:00:00.000Z,9 p.m.,693,693,100% reporting,100%,100,397732,edison,>98%,>98% reported,edison,republican,FALSE,2020-11-23T15:15:27Z,TRUE,61.91003,246236,R+62,Johnson +62,republican,"","",0,0,1604456855206
46125,Turner,4426,0,8,8,Merged into voters' home precincts and released with cumulative results,100,4426,>98%,>98% reported,edison,10,unknown,906,3885,541,0,0,2020-11-16T15:47:52Z,75.55355,R+76,Johnson +76,republican,SD-G-H-1-2020-11-03,sd-house-general-district-001-2020-11-03,https://www.nytimes.com/interactive/2020/11/03/us/elections/results-south-dakota-house-district-at-large.html,https://www.nytimes.com/interactive/2020/11/03/us/elections/results-south-dakota.html,https://www.nytimes.com/interactive/2020/11/03/us/elections/ap-polls-south-dakota.html,house,general,2020-11-03,FALSE,U.S. House At-Large,U.S. House,H,solid-rep,1,At-Large,SD,south-dakota,South Dakota,S.D.,horizontal,"",FALSE,TRUE,winner,AP,FALSE,"",397732,0,unknown,Polls close at 9 p.m. Eastern time.,Polls close in,Polls have closed.,2020-11-04T02:00:00.000Z,9 p.m.,693,693,100% reporting,100%,100,397732,edison,>98%,>98% reported,edison,republican,FALSE,2020-11-23T15:15:27Z,TRUE,61.91003,246236,R+62,Johnson +62,republican,"","",0,0,1604456855206
46127,Union,8207,0,13,13,Merged into voters' home precincts and released with cumulative results,100,8207,>98%,>98% reported,edison,10,all,2523,6862,1345,0,0,2020-11-16T15:47:53Z,67.2231,R+67,Johnson +67,republican,SD-G-H-1-2020-11-03,sd-house-general-district-001-2020-11-03,https://www.nytimes.com/interactive/2020/11/03/us/elections/results-south-dakota-house-district-at-large.html,https://www.nytimes.com/interactive/2020/11/03/us/elections/results-south-dakota.html,https://www.nytimes.com/interactive/2020/11/03/us/elections/ap-polls-south-dakota.html,house,general,2020-11-03,FALSE,U.S. House At-Large,U.S. House,H,solid-rep,1,At-Large,SD,south-dakota,South Dakota,S.D.,horizontal,"",FALSE,TRUE,winner,AP,FALSE,"",397732,0,unknown,Polls close at 9 p.m. Eastern time.,Polls close in,Polls have closed.,2020-11-04T02:00:00.000Z,9 p.m.,693,693,100% reporting,100%,100,397732,edison,>98%,>98% reported,edison,republican,FALSE,2020-11-23T15:15:27Z,TRUE,61.91003,246236,R+62,Johnson +62,republican,"","",0,0,1604456855206
46129,Walworth,2489,0,10,10,None,100,2489,>98%,>98% reported,edison,10,unknown,573,2222,267,0,0,2020-11-16T15:47:53Z,78.5456,R+79,Johnson +79,republican,SD-G-H-1-2020-11-03,sd-house-general-district-001-2020-11-03,https://www.nytimes.com/interactive/2020/11/03/us/elections/results-south-dakota-house-district-at-large.html,https://www.nytimes.com/interactive/2020/11/03/us/elections/results-south-dakota.html,https://www.nytimes.com/interactive/2020/11/03/us/elections/ap-polls-south-dakota.html,house,general,2020-11-03,FALSE,U.S. House At-Large,U.S. House,H,solid-rep,1,At-Large,SD,south-dakota,South Dakota,S.D.,horizontal,"",FALSE,TRUE,winner,AP,FALSE,"",397732,0,unknown,Polls close at 9 p.m. Eastern time.,Polls close in,Polls have closed.,2020-11-04T02:00:00.000Z,9 p.m.,693,693,100% reporting,100%,100,397732,edison,>98%,>98% reported,edison,republican,FALSE,2020-11-23T15:15:27Z,TRUE,61.91003,246236,R+62,Johnson +62,republican,"","",0,0,1604456855206
46135,Yankton,10291,0,7,7,Released as a precinct at the end of tabulation,100,10291,>98%,>98% reported,edison,10,none,6408,8404,1887,0,0,2020-11-16T15:47:53Z,63.32718,R+63,Johnson +63,republican,SD-G-H-1-2020-11-03,sd-house-general-district-001-2020-11-03,https://www.nytimes.com/interactive/2020/11/03/us/elections/results-south-dakota-house-district-at-large.html,https://www.nytimes.com/interactive/2020/11/03/us/elections/results-south-dakota.html,https://www.nytimes.com/interactive/2020/11/03/us/elections/ap-polls-south-dakota.html,house,general,2020-11-03,FALSE,U.S. House At-Large,U.S. House,H,solid-rep,1,At-Large,SD,south-dakota,South Dakota,S.D.,horizontal,"",FALSE,TRUE,winner,AP,FALSE,"",397732,0,unknown,Polls close at 9 p.m. Eastern time.,Polls close in,Polls have closed.,2020-11-04T02:00:00.000Z,9 p.m.,693,693,100% reporting,100%,100,397732,edison,>98%,>98% reported,edison,republican,FALSE,2020-11-23T15:15:27Z,TRUE,61.91003,246236,R+62,Johnson +62,republican,"","",0,0,1604456855206
46137,Ziebach,828,0,6,6,Merged into voters' home precincts and released with cumulative results,100,828,>98%,>98% reported,edison,10,unknown,130,531,297,0,0,2020-11-16T15:47:54Z,28.26087,R+28,Johnson +28,republican,SD-G-H-1-2020-11-03,sd-house-general-district-001-2020-11-03,https://www.nytimes.com/interactive/2020/11/03/us/elections/results-south-dakota-house-district-at-large.html,https://www.nytimes.com/interactive/2020/11/03/us/elections/results-south-dakota.html,https://www.nytimes.com/interactive/2020/11/03/us/elections/ap-polls-south-dakota.html,house,general,2020-11-03,FALSE,U.S. House At-Large,U.S. House,H,solid-rep,1,At-Large,SD,south-dakota,South Dakota,S.D.,horizontal,"",FALSE,TRUE,winner,AP,FALSE,"",397732,0,unknown,Polls close at 9 p.m. Eastern time.,Polls close in,Polls have closed.,2020-11-04T02:00:00.000Z,9 p.m.,693,693,100% reporting,100%,100,397732,edison,>98%,>98% reported,edison,republican,FALSE,2020-11-23T15:15:27Z,TRUE,61.91003,246236,R+62,Johnson +62,republican,"","",0,0,1604456855206
